 python analysis-tiga-hybrid.py  --prefix=/mnt/disks/tiga-stats/Hybrid-Stats-Separate-Leaders/sandbox/ --num_proxies=8 --num_local_proxies=6  --stats_path=5-Hybrid-janus-Micro-zipfian-50-1000000-S-3-R-3-P-8-Rate-16000
 proxies:  8
Stats folder  /mnt/disks/tiga-stats/Ablation-Study/ntp-bad-clock-new/1-Hybrid-tiga-bad-clock-Micro-zipfian-99-1000000-S-3-R-3-P-8-Rate-10000
0-3
Num:572241
P-25p:  175.438
P-50p:  191.827
P-75p:  202.951
P-90p:  332.605
P-95p:  959.797
P-99p:  2627.3183999999997

AvgThroughput2:  [6455.0, 25116.0, 28625.0, 20027.0, 19963.0, 19730.0, 20278.0, 19988.0, 20011.0, 20044.0, 20061.0, 19968.0, 19976.0, 20001.0, 20013.0, 20023.0, 19483.0, 20358.0, 20139.0, 20013.0, 19998.0]
Throughput  20012.85714285714    21     seconds
1-4
Num:566086
P-25p:  217.57
P-50p:  221.681
P-75p:  228.715
P-90p:  408.985
P-95p:  976.52175
P-99p:  2789.7267500000003

AvgThroughput2:  [24000.0, 29761.0, 20187.0, 19942.0, 19777.0, 20328.0, 19964.0, 19960.0, 20066.0, 19985.0, 19959.0, 20038.0, 20006.0, 19967.0, 19997.0, 19743.0, 20240.0, 20011.0, 20005.0, 19985.0, 20015.0]
Throughput  20663.619047619046   21     seconds
2-5
Num:564650
P-25p:  222.414
P-50p:  268.771
P-75p:  269.682
P-90p:  413.87
P-95p:  931.4836499999844
P-99p:  2821.42959

AvgThroughput2:  [25962.0, 26656.0, 20038.0, 19968.0, 20025.0, 20014.0, 19976.0, 20015.0, 19991.0, 20037.0, 20000.0, 19985.0, 19992.0, 19960.0, 19952.0, 19758.0, 20359.0, 20016.0, 19996.0, 19975.0, 20011.0, 19983.0]
Throughput  20575.863636363636   22     seconds
Remote
Num:545949
P-25p:  307.276
P-50p:  315.464
P-75p:  522.212
P-90p:  652.6898000000006
P-95p:  1771.0493999999962
P-99p:  3809.3858800000007

AvgThroughput2:  [18675.0, 16713.0, 20330.0, 22644.0, 21357.0, 19888.0, 20124.0, 19862.0, 20049.0, 20123.0, 19967.0, 19989.0, 20024.0, 19994.0, 19745.0, 20219.0, 20001.0, 20054.0, 19989.0, 20048.0, 19958.0, 20004.0]
Throughput  19988.954545454544   22     seconds



1726638463128751412
1726639694466640424-- 1726641713101369800
1726646379961219721
